(32, 34)
(32, 34)
(32, 34)
(32, 34)
(32, 34)
(32, 34)
(32, 34)
(32, 34)
(32, 34)
(32, 34)
(32, 34)
(32, 34)
(32, 34)
(32, 34)
(31, 34)
(31, 34)
(31, 34)
(31, 34)
(31, 34)
(31, 34)
(31, 34)
(31, 34)
(31, 34)
(31, 34)
(31, 34)
(31, 34)
(31, 34)
(31, 34)
(31, 34)
(31, 34)
(31, 34)
(31, 34)
(31, 34)
(31, 34)
(31, 34)
(31, 34)
(31, 34)
(31, 34)
(31, 34)
(31, 34)
(31, 34)
(31, 33)
(31, 33)
(31, 33)
(31, 33)
(31, 33)
(31, 33)
(31, 33)
(30, 33)
(30, 33)
(30, 33)
(30, 33)
(30, 33)
(30, 33)
(30, 33)
(30, 33)
(30, 33)
(30, 33)
(30, 33)
(30, 33)
(30, 33)
(30, 33)
(30, 33)
(30, 33)
(30, 33)
(30, 33)
(30, 33)
(30, 33)
(30, 33)
(30, 33)
(30, 33)
(30, 33)
(30, 33)
(30, 33)
(30, 33)
(30, 32)
(30, 32)
(30, 32)
(30, 32)
(30, 32)
(30, 32)
(30, 32)
(30, 32)
(30, 32)
(30, 32)
(30, 32)
(30, 32)
(30, 32)
(30, 32)
(30, 32)
(30, 32)
(30, 32)
(30, 32)
(30, 32)
(30, 32)
(30, 32)
(30, 32)
(30, 32)
(30, 32)
(30, 32)
(30, 32)
(30, 32)
(30, 32)
(30, 32)
(30, 31)
(30, 31)
(30, 31)
(30, 31)
(30, 31)
(30, 31)
(30, 31)
(30, 31)
(30, 31)
(30, 31)
(30, 31)
(30, 31)
(30, 31)
(30, 31)
(30, 31)
(30, 31)
(30, 31)
(30, 31)
(30, 31)
(30, 31)
(30, 31)
(30, 31)
(30, 31)
(30, 31)
(30, 31)
(30, 31)
(30, 31)
(31, 31)
(31, 31)
(31, 31)
(31, 31)
(31, 31)
(31, 31)
(31, 31)
(31, 30)
(31, 30)
(31, 30)
(31, 30)
(31, 30)
(31, 30)
(31, 30)
(31, 30)
(31, 30)
(31, 30)
(31, 30)
(31, 30)
(31, 30)
(31, 30)
(31, 30)
(31, 30)
(31, 30)
(31, 30)
(31, 30)
(31, 30)
(31, 30)
(31, 30)
(31, 30)
(31, 30)
(31, 30)
(31, 30)
(31, 30)
(32, 30)
(32, 30)
(32, 30)
(32, 30)
(32, 30)
(32, 30)
(32, 30)
(32, 30)
(32, 30)
(32, 30)
(32, 30)
(32, 30)
(32, 30)
(32, 30)
(32, 30)
(32, 35)
(32, 35)
(32, 35)
(32, 35)
(32, 35)
(32, 35)
(32, 35)
(32, 35)
(32, 35)
(31, 35)
(31, 35)
(31, 35)
(31, 35)
(31, 35)
(31, 35)
(31, 35)
(31, 35)
(31, 35)
(31, 35)
(31, 35)
(31, 35)
(31, 35)
(31, 35)
(31, 35)
(31, 35)
(31, 35)
(31, 35)
(31, 35)
(31, 35)
(30, 35)
(30, 35)
(30, 35)
(30, 35)
(30, 34)
(30, 34)
(30, 34)
(30, 34)
(30, 34)
(30, 34)
(30, 34)
(30, 34)
(30, 34)
(30, 34)
(30, 34)
(30, 34)
(30, 34)
(30, 34)
(30, 34)
(30, 34)
(30, 34)
(30, 34)
(30, 34)
(30, 34)
(30, 34)
(30, 34)
(30, 34)
(29, 34)
(29, 34)
(29, 34)
(29, 34)
(29, 33)
(29, 33)
(29, 33)
(29, 33)
(29, 33)
(29, 33)
(29, 33)
(29, 33)
(29, 33)
(29, 33)
(29, 33)
(29, 33)
(29, 33)
(29, 33)
(29, 33)
(29, 33)
(29, 33)
(29, 33)
(29, 33)
(29, 33)
(29, 32)
(29, 32)
(29, 32)
(29, 32)
(29, 32)
(29, 32)
(29, 32)
(29, 32)
(29, 32)
(29, 32)
(29, 32)
(29, 32)
(29, 32)
(29, 32)
(29, 32)
(29, 32)
(29, 32)
(29, 32)
(29, 32)
(29, 31)
(29, 31)
(29, 31)
(29, 31)
(29, 31)
(29, 31)
(29, 31)
(29, 31)
(29, 31)
(29, 31)
(29, 31)
(29, 31)
(29, 31)
(29, 31)
(29, 31)
(29, 31)
(29, 31)
(29, 31)
(29, 31)
(29, 31)
(29, 31)
(29, 30)
(29, 30)
(29, 30)
(30, 30)
(30, 30)
(30, 30)
(30, 30)
(30, 30)
(30, 30)
(30, 30)
(30, 30)
(30, 30)
(30, 30)
(30, 30)
(30, 30)
(30, 30)
(30, 30)
(30, 30)
(30, 30)
(30, 30)
(30, 30)
(30, 30)
(30, 30)
(30, 30)
(30, 30)
(30, 30)
(30, 29)
(30, 29)
(30, 29)
(31, 29)
(31, 29)
(31, 29)
(31, 29)
(31, 29)
(31, 29)
(31, 29)
(31, 29)
(31, 29)
(31, 29)
(31, 29)
(31, 29)
(31, 29)
(31, 29)
(31, 29)
(31, 29)
(31, 29)
(31, 29)
(31, 29)
(31, 29)
(31, 29)
(32, 29)
(32, 29)
(32, 29)
(32, 29)
(32, 29)
(32, 29)
(32, 29)
(32, 29)
(32, 29)
(32, 29)
(32, 36)
(32, 36)
(32, 36)
(32, 36)
(32, 36)
(32, 36)
(32, 36)
(31, 36)
(31, 36)
(31, 36)
(31, 36)
(31, 36)
(31, 36)
(31, 36)
(31, 36)
(31, 36)
(31, 36)
(31, 36)
(31, 36)
(31, 36)
(31, 36)
(31, 36)
(30, 36)
(30, 36)
(30, 36)
(30, 36)
(30, 36)
(30, 36)
(30, 35)
(30, 35)
(30, 35)
(30, 35)
(30, 35)
(30, 35)
(30, 35)
(30, 35)
(30, 35)
(30, 35)
(29, 35)
(29, 35)
(29, 35)
(29, 35)
(29, 35)
(29, 35)
(29, 35)
(29, 35)
(29, 35)
(29, 35)
(29, 35)
(29, 35)
(29, 35)
(29, 34)
(29, 34)
(29, 34)
(29, 34)
(29, 34)
(29, 34)
(29, 34)
(29, 34)
(29, 34)
(29, 34)
(28, 34)
(28, 34)
(28, 34)
(28, 34)
(28, 34)
(28, 34)
(28, 33)
(28, 33)
(28, 33)
(28, 33)
(28, 33)
(28, 33)
(28, 33)
(28, 33)
(28, 33)
(28, 33)
(28, 33)
(28, 33)
(28, 33)
(28, 33)
(28, 33)
(28, 32)
(28, 32)
(28, 32)
(28, 32)
(28, 32)
(28, 32)
(28, 32)
(28, 32)
(28, 32)
(28, 32)
(28, 32)
(28, 32)
(28, 32)
(28, 32)
(28, 32)
(28, 31)
(28, 31)
(28, 31)
(28, 31)
(28, 31)
(28, 31)
(28, 31)
(28, 31)
(28, 31)
(28, 31)
(28, 31)
(28, 31)
(28, 31)
(28, 31)
(28, 31)
(28, 30)
(28, 30)
(28, 30)
(28, 30)
(28, 30)
(28, 30)
(29, 30)
(29, 30)
(29, 30)
(29, 30)
(29, 30)
(29, 30)
(29, 30)
(29, 30)
(29, 30)
(29, 30)
(29, 29)
(29, 29)
(29, 29)
(29, 29)
(29, 29)
(29, 29)
(29, 29)
(29, 29)
(29, 29)
(29, 29)
(29, 29)
(29, 29)
(29, 29)
(30, 29)
(30, 29)
(30, 29)
(30, 29)
(30, 29)
(30, 29)
(30, 29)
(30, 29)
(30, 29)
(30, 29)
(30, 28)
(30, 28)
(30, 28)
(30, 28)
(30, 28)
(30, 28)
(31, 28)
(31, 28)
(31, 28)
(31, 28)
(31, 28)
(31, 28)
(31, 28)
(31, 28)
(31, 28)
(31, 28)
(31, 28)
(31, 28)
(31, 28)
(31, 28)
(31, 28)
(32, 28)
(32, 28)
(32, 28)
(32, 28)
(32, 28)
(32, 28)
(32, 28)
(32, 28)
(32, 37)
(32, 37)
(32, 37)
(32, 37)
(32, 37)
(31, 37)
(31, 37)
(31, 37)
(31, 37)
(31, 37)
(31, 37)
(31, 37)
(31, 37)
(31, 37)
(31, 37)
(31, 37)
(31, 37)
(30, 37)
(30, 37)
(30, 37)
(30, 37)
(30, 37)
(30, 37)
(30, 37)
(30, 37)
(30, 36)
(30, 36)
(30, 36)
(30, 36)
(29, 36)
(29, 36)
(29, 36)
(29, 36)
(29, 36)
(29, 36)
(29, 36)
(29, 36)
(29, 36)
(29, 36)
(29, 36)
(29, 36)
(29, 36)
(29, 36)
(29, 36)
(28, 36)
(28, 35)
(28, 35)
(28, 35)
(28, 35)
(28, 35)
(28, 35)
(28, 35)
(28, 35)
(28, 35)
(28, 35)
(28, 35)
(28, 35)
(28, 35)
(28, 35)
(28, 35)
(28, 34)
(28, 34)
(28, 34)
(28, 34)
(27, 34)
(27, 34)
(27, 34)
(27, 34)
(27, 34)
(27, 34)
(27, 34)
(27, 34)
(27, 33)
(27, 33)
(27, 33)
(27, 33)
(27, 33)
(27, 33)
(27, 33)
(27, 33)
(27, 33)
(27, 33)
(27, 33)
(27, 33)
(27, 32)
(27, 32)
(27, 32)
(27, 32)
(27, 32)
(27, 32)
(27, 32)
(27, 32)
(27, 32)
(27, 32)
(27, 32)
(27, 31)
(27, 31)
(27, 31)
(27, 31)
(27, 31)
(27, 31)
(27, 31)
(27, 31)
(27, 31)
(27, 31)
(27, 31)
(27, 31)
(27, 30)
(27, 30)
(27, 30)
(27, 30)
(27, 30)
(27, 30)
(27, 30)
(27, 30)
(28, 30)
(28, 30)
(28, 30)
(28, 30)
(28, 30)
(28, 29)
(28, 29)
(28, 29)
(28, 29)
(28, 29)
(28, 29)
(28, 29)
(28, 29)
(28, 29)
(28, 29)
(28, 29)
(28, 29)
(28, 29)
(28, 29)
(28, 28)
(29, 28)
(29, 28)
(29, 28)
(29, 28)
(29, 28)
(29, 28)
(29, 28)
(29, 28)
(29, 28)
(29, 28)
(29, 28)
(29, 28)
(29, 28)
(29, 28)
(30, 28)
(30, 28)
(30, 28)
(30, 28)
(30, 28)
(30, 27)
(30, 27)
(30, 27)
(30, 27)
(30, 27)
(30, 27)
(30, 27)
(30, 27)
(31, 27)
(31, 27)
(31, 27)
(31, 27)
(31, 27)
(31, 27)
(31, 27)
(31, 27)
(31, 27)
(31, 27)
(31, 27)
(31, 27)
(32, 27)
(32, 27)
(32, 27)
(32, 27)
(32, 27)
(32, 27)
(32, 38)
(32, 38)
(32, 38)
(32, 38)
(31, 38)
(31, 38)
(31, 38)
(31, 38)
(31, 38)
(31, 38)
(31, 38)
(31, 38)
(31, 38)
(31, 38)
(30, 38)
(30, 38)
(30, 38)
(30, 38)
(30, 38)
(30, 38)
(30, 38)
(30, 38)
(30, 38)
(30, 37)
(29, 37)
(29, 37)
(29, 37)
(29, 37)
(29, 37)
(29, 37)
(29, 37)
(29, 37)
(29, 37)
(29, 37)
(29, 37)
(28, 37)
(28, 37)
(28, 37)
(28, 37)
(28, 37)
(28, 37)
(28, 36)
(28, 36)
(28, 36)
(28, 36)
(28, 36)
(28, 36)
(28, 36)
(27, 36)
(27, 36)
(27, 36)
(27, 36)
(27, 36)
(27, 36)
(27, 35)
(27, 35)
(27, 35)
(27, 35)
(27, 35)
(27, 35)
(27, 35)
(27, 35)
(27, 35)
(27, 35)
(27, 35)
(27, 34)
(26, 34)
(26, 34)
(26, 34)
(26, 34)
(26, 34)
(26, 34)
(26, 34)
(26, 34)
(26, 34)
(26, 33)
(26, 33)
(26, 33)
(26, 33)
(26, 33)
(26, 33)
(26, 33)
(26, 33)
(26, 33)
(26, 33)
(26, 32)
(26, 32)
(26, 32)
(26, 32)
(26, 32)
(26, 32)
(26, 32)
(26, 32)
(26, 32)
(26, 31)
(26, 31)
(26, 31)
(26, 31)
(26, 31)
(26, 31)
(26, 31)
(26, 31)
(26, 31)
(26, 31)
(26, 30)
(26, 30)
(26, 30)
(26, 30)
(26, 30)
(26, 30)
(26, 30)
(26, 30)
(26, 30)
(27, 30)
(27, 29)
(27, 29)
(27, 29)
(27, 29)
(27, 29)
(27, 29)
(27, 29)
(27, 29)
(27, 29)
(27, 29)
(27, 29)
(27, 28)
(27, 28)
(27, 28)
(27, 28)
(27, 28)
(27, 28)
(28, 28)
(28, 28)
(28, 28)
(28, 28)
(28, 28)
(28, 28)
(28, 28)
(28, 27)
(28, 27)
(28, 27)
(28, 27)
(28, 27)
(28, 27)
(29, 27)
(29, 27)
(29, 27)
(29, 27)
(29, 27)
(29, 27)
(29, 27)
(29, 27)
(29, 27)
(29, 27)
(29, 27)
(30, 27)
(30, 26)
(30, 26)
(30, 26)
(30, 26)
(30, 26)
(30, 26)
(30, 26)
(30, 26)
(30, 26)
(31, 26)
(31, 26)
(31, 26)
(31, 26)
(31, 26)
(31, 26)
(31, 26)
(31, 26)
(31, 26)
(31, 26)
(32, 26)
(32, 26)
(32, 26)
(32, 26)
(32, 26)
(32, 39)
(32, 39)
(32, 39)
(32, 39)
(31, 39)
(31, 39)
(31, 39)
(31, 39)
(31, 39)
(31, 39)
(31, 39)
(31, 39)
(30, 39)
(30, 39)
(30, 39)
(30, 39)
(30, 39)
(30, 39)
(30, 39)
(30, 39)
(29, 39)
(29, 38)
(29, 38)
(29, 38)
(29, 38)
(29, 38)
(29, 38)
(29, 38)
(29, 38)
(28, 38)
(28, 38)
(28, 38)
(28, 38)
(28, 38)
(28, 38)
(28, 38)
(28, 38)
(28, 38)
(28, 37)
(28, 37)
(27, 37)
(27, 37)
(27, 37)
(27, 37)
(27, 37)
(27, 37)
(27, 37)
(27, 37)
(27, 37)
(27, 36)
(27, 36)
(26, 36)
(26, 36)
(26, 36)
(26, 36)
(26, 36)
(26, 36)
(26, 36)
(26, 36)
(26, 36)
(26, 35)
(26, 35)
(26, 35)
(26, 35)
(26, 35)
(26, 35)
(26, 35)
(26, 35)
(25, 35)
(25, 34)
(25, 34)
(25, 34)
(25, 34)
(25, 34)
(25, 34)
(25, 34)
(25, 34)
(25, 33)
(25, 33)
(25, 33)
(25, 33)
(25, 33)
(25, 33)
(25, 33)
(25, 33)
(25, 32)
(25, 32)
(25, 32)
(25, 32)
(25, 32)
(25, 32)
(25, 32)
(25, 32)
(25, 32)
(25, 31)
(25, 31)
(25, 31)
(25, 31)
(25, 31)
(25, 31)
(25, 31)
(25, 31)
(25, 30)
(25, 30)
(25, 30)
(25, 30)
(25, 30)
(25, 30)
(25, 30)
(25, 30)
(25, 29)
(26, 29)
(26, 29)
(26, 29)
(26, 29)
(26, 29)
(26, 29)
(26, 29)
(26, 29)
(26, 29)
(26, 28)
(26, 28)
(26, 28)
(26, 28)
(26, 28)
(26, 28)
(26, 28)
(26, 28)
(27, 28)
(27, 28)
(27, 27)
(27, 27)
(27, 27)
(27, 27)
(27, 27)
(27, 27)
(27, 27)
(27, 27)
(27, 27)
(28, 27)
(28, 27)
(28, 26)
(28, 26)
(28, 26)
(28, 26)
(28, 26)
(28, 26)
(28, 26)
(28, 26)
(29, 26)
(29, 26)
(29, 26)
(29, 26)
(29, 26)
(29, 26)
(29, 26)
(29, 26)
(29, 26)
(29, 25)
(30, 25)
(30, 25)
(30, 25)
(30, 25)
(30, 25)
(30, 25)
(30, 25)
(30, 25)
(31, 25)
(31, 25)
(31, 25)
(31, 25)
(31, 25)
(31, 25)
(31, 25)
(31, 25)
(32, 25)
(32, 25)
(32, 25)
(32, 25)
(32, 25)
(32, 40)
(32, 40)
(32, 40)
(31, 40)
(31, 40)
(31, 40)
(31, 40)
(31, 40)
(31, 40)
(31, 40)
(30, 40)
(30, 40)
(30, 40)
(30, 40)
(30, 40)
(30, 40)
(30, 40)
(30, 40)
(29, 40)
(29, 40)
(29, 39)
(29, 39)
(29, 39)
(29, 39)
(29, 39)
(28, 39)
(28, 39)
(28, 39)
(28, 39)
(28, 39)
(28, 39)
(28, 39)
(28, 39)
(28, 39)
(27, 39)
(27, 38)
(27, 38)
(27, 38)
(27, 38)
(27, 38)
(27, 38)
(27, 38)
(27, 38)
(26, 38)
(26, 38)
(26, 38)
(26, 37)
(26, 37)
(26, 37)
(26, 37)
(26, 37)
(26, 37)
(26, 37)
(26, 37)
(25, 37)
(25, 36)
(25, 36)
(25, 36)
(25, 36)
(25, 36)
(25, 36)
(25, 36)
(25, 36)
(25, 36)
(25, 35)
(25, 35)
(25, 35)
(25, 35)
(25, 35)
(24, 35)
(24, 35)
(24, 34)
(24, 34)
(24, 34)
(24, 34)
(24, 34)
(24, 34)
(24, 34)
(24, 34)
(24, 33)
(24, 33)
(24, 33)
(24, 33)
(24, 33)
(24, 33)
(24, 33)
(24, 32)
(24, 32)
(24, 32)
(24, 32)
(24, 32)
(24, 32)
(24, 32)
(24, 31)
(24, 31)
(24, 31)
(24, 31)
(24, 31)
(24, 31)
(24, 31)
(24, 30)
(24, 30)
(24, 30)
(24, 30)
(24, 30)
(24, 30)
(24, 30)
(24, 30)
(24, 29)
(24, 29)
(25, 29)
(25, 29)
(25, 29)
(25, 29)
(25, 29)
(25, 28)
(25, 28)
(25, 28)
(25, 28)
(25, 28)
(25, 28)
(25, 28)
(25, 28)
(25, 28)
(25, 27)
(26, 27)
(26, 27)
(26, 27)
(26, 27)
(26, 27)
(26, 27)
(26, 27)
(26, 27)
(26, 26)
(26, 26)
(26, 26)
(27, 26)
(27, 26)
(27, 26)
(27, 26)
(27, 26)
(27, 26)
(27, 26)
(27, 26)
(27, 25)
(28, 25)
(28, 25)
(28, 25)
(28, 25)
(28, 25)
(28, 25)
(28, 25)
(28, 25)
(28, 25)
(29, 25)
(29, 25)
(29, 25)
(29, 25)
(29, 25)
(29, 24)
(29, 24)
(30, 24)
(30, 24)
(30, 24)
(30, 24)
(30, 24)
(30, 24)
(30, 24)
(30, 24)
(31, 24)
(31, 24)
(31, 24)
(31, 24)
(31, 24)
(31, 24)
(31, 24)
(32, 24)
(32, 24)
(32, 24)
(32, 24)
(32, 41)
(32, 41)
(32, 41)
(31, 41)
(31, 41)
(31, 41)
(31, 41)
(31, 41)
(31, 41)
(30, 41)
(30, 41)
(30, 41)
(30, 41)
(30, 41)
(30, 41)
(30, 41)
(29, 41)
(29, 41)
(29, 41)
(29, 40)
(29, 40)
(29, 40)
(28, 40)
(28, 40)
(28, 40)
(28, 40)
(28, 40)
(28, 40)
(28, 40)
(27, 40)
(27, 40)
(27, 40)
(27, 40)
(27, 39)
(27, 39)
(27, 39)
(27, 39)
(26, 39)
(26, 39)
(26, 39)
(26, 39)
(26, 39)
(26, 39)
(26, 38)
(26, 38)
(26, 38)
(25, 38)
(25, 38)
(25, 38)
(25, 38)
(25, 38)
(25, 38)
(25, 37)
(25, 37)
(25, 37)
(25, 37)
(24, 37)
(24, 37)
(24, 37)
(24, 37)
(24, 36)
(24, 36)
(24, 36)
(24, 36)
(24, 36)
(24, 36)
(24, 36)
(24, 35)
(24, 35)
(24, 35)
(23, 35)
(23, 35)
(23, 35)
(23, 34)
(23, 34)
(23, 34)
(23, 34)
(23, 34)
(23, 34)
(23, 34)
(23, 33)
(23, 33)
(23, 33)
(23, 33)
(23, 33)
(23, 33)
(23, 32)
(23, 32)
(23, 32)
(23, 32)
(23, 32)
(23, 32)
(23, 32)
(23, 31)
(23, 31)
(23, 31)
(23, 31)
(23, 31)
(23, 31)
(23, 30)
(23, 30)
(23, 30)
(23, 30)
(23, 30)
(23, 30)
(23, 30)
(23, 29)
(23, 29)
(23, 29)
(24, 29)
(24, 29)
(24, 29)
(24, 28)
(24, 28)
(24, 28)
(24, 28)
(24, 28)
(24, 28)
(24, 28)
(24, 28)
(24, 27)
(24, 27)
(24, 27)
(25, 27)
(25, 27)
(25, 27)
(25, 27)
(25, 26)
(25, 26)
(25, 26)
(25, 26)
(25, 26)
(25, 26)
(26, 26)
(26, 26)
(26, 26)
(26, 25)
(26, 25)
(26, 25)
(26, 25)
(26, 25)
(26, 25)
(27, 25)
(27, 25)
(27, 25)
(27, 25)
(27, 24)
(27, 24)
(27, 24)
(28, 24)
(28, 24)
(28, 24)
(28, 24)
(28, 24)
(28, 24)
(28, 24)
(28, 24)
(29, 24)
(29, 24)
(29, 24)
(29, 23)
(29, 23)
(29, 23)
(30, 23)
(30, 23)
(30, 23)
(30, 23)
(30, 23)
(30, 23)
(30, 23)
(31, 23)
(31, 23)
(31, 23)
(31, 23)
(31, 23)
(31, 23)
(32, 23)
(32, 23)
(32, 23)
(32, 23)
(32, 42)
(32, 42)
(31, 42)
(31, 42)
(31, 42)
(31, 42)
(31, 42)
(31, 42)
(30, 42)
(30, 42)
(30, 42)
(30, 42)
(30, 42)
(30, 42)
(29, 42)
(29, 42)
(29, 42)
(29, 42)
(29, 41)
(29, 41)
(28, 41)
(28, 41)
(28, 41)
(28, 41)
(28, 41)
(28, 41)
(27, 41)
(27, 41)
(27, 41)
(27, 41)
(27, 41)
(27, 40)
(27, 40)
(26, 40)
(26, 40)
(26, 40)
(26, 40)
(26, 40)
(26, 40)
(26, 40)
(25, 40)
(25, 39)
(25, 39)
(25, 39)
(25, 39)
(25, 39)
(25, 39)
(25, 39)
(24, 39)
(24, 38)
(24, 38)
(24, 38)
(24, 38)
(24, 38)
(24, 38)
(24, 38)
(24, 37)
(24, 37)
(23, 37)
(23, 37)
(23, 37)
(23, 37)
(23, 37)
(23, 36)
(23, 36)
(23, 36)
(23, 36)
(23, 36)
(23, 36)
(23, 35)
(23, 35)
(22, 35)
(22, 35)
(22, 35)
(22, 35)
(22, 34)
(22, 34)
(22, 34)
(22, 34)
(22, 34)
(22, 34)
(22, 33)
(22, 33)
(22, 33)
(22, 33)
(22, 33)
(22, 33)
(22, 32)
(22, 32)
(22, 32)
(22, 32)
(22, 32)
(22, 31)
(22, 31)
(22, 31)
(22, 31)
(22, 31)
(22, 31)
(22, 30)
(22, 30)
(22, 30)
(22, 30)
(22, 30)
(22, 30)
(22, 29)
(22, 29)
(22, 29)
(22, 29)
(23, 29)
(23, 29)
(23, 28)
(23, 28)
(23, 28)
(23, 28)
(23, 28)
(23, 28)
(23, 27)
(23, 27)
(23, 27)
(23, 27)
(23, 27)
(24, 27)
(24, 27)
(24, 26)
(24, 26)
(24, 26)
(24, 26)
(24, 26)
(24, 26)
(24, 26)
(24, 25)
(25, 25)
(25, 25)
(25, 25)
(25, 25)
(25, 25)
(25, 25)
(25, 25)
(25, 24)
(26, 24)
(26, 24)
(26, 24)
(26, 24)
(26, 24)
(26, 24)
(26, 24)
(27, 24)
(27, 24)
(27, 23)
(27, 23)
(27, 23)
(27, 23)
(27, 23)
(28, 23)
(28, 23)
(28, 23)
(28, 23)
(28, 23)
(28, 23)
(29, 23)
(29, 23)
(29, 22)
(29, 22)
(29, 22)
(29, 22)
(30, 22)
(30, 22)
(30, 22)
(30, 22)
(30, 22)
(30, 22)
(31, 22)
(31, 22)
(31, 22)
(31, 22)
(31, 22)
(31, 22)
(32, 22)
(32, 22)
(32, 22)
(32, 43)
(32, 43)
(31, 43)
(31, 43)
(31, 43)
(31, 43)
(31, 43)
(30, 43)
(30, 43)
(30, 43)
(30, 43)
(30, 43)
(30, 43)
(29, 43)
(29, 43)
(29, 43)
(29, 43)
(29, 42)
(28, 42)
(28, 42)
(28, 42)
(28, 42)
(28, 42)
(28, 42)
(27, 42)
(27, 42)
(27, 42)
(27, 42)
(27, 42)
(26, 42)
(26, 41)
(26, 41)
(26, 41)
(26, 41)
(26, 41)
(26, 41)
(25, 41)
(25, 41)
(25, 41)
(25, 40)
(25, 40)
(25, 40)
(24, 40)
(24, 40)
(24, 40)
(24, 40)
(24, 40)
(24, 39)
(24, 39)
(24, 39)
(23, 39)
(23, 39)
(23, 39)
(23, 38)
(23, 38)
(23, 38)
(23, 38)
(23, 38)
(23, 38)
(22, 38)
(22, 37)
(22, 37)
(22, 37)
(22, 37)
(22, 37)
(22, 36)
(22, 36)
(22, 36)
(22, 36)
(22, 36)
(22, 36)
(22, 35)
(21, 35)
(21, 35)
(21, 35)
(21, 35)
(21, 34)
(21, 34)
(21, 34)
(21, 34)
(21, 34)
(21, 34)
(21, 33)
(21, 33)
(21, 33)
(21, 33)
(21, 33)
(21, 32)
(21, 32)
(21, 32)
(21, 32)
(21, 32)
(21, 31)
(21, 31)
(21, 31)
(21, 31)
(21, 31)
(21, 30)
(21, 30)
(21, 30)
(21, 30)
(21, 30)
(21, 30)
(21, 29)
(21, 29)
(21, 29)
(21, 29)
(22, 29)
(22, 28)
(22, 28)
(22, 28)
(22, 28)
(22, 28)
(22, 28)
(22, 27)
(22, 27)
(22, 27)
(22, 27)
(22, 27)
(22, 27)
(23, 26)
(23, 26)
(23, 26)
(23, 26)
(23, 26)
(23, 26)
(23, 25)
(23, 25)
(23, 25)
(24, 25)
(24, 25)
(24, 25)
(24, 24)
(24, 24)
(24, 24)
(24, 24)
(24, 24)
(25, 24)
(25, 24)
(25, 24)
(25, 23)
(25, 23)
(25, 23)
(26, 23)
(26, 23)
(26, 23)
(26, 23)
(26, 23)
(26, 23)
(27, 22)
(27, 22)
(27, 22)
(27, 22)
(27, 22)
(27, 22)
(28, 22)
(28, 22)
(28, 22)
(28, 22)
(28, 22)
(28, 22)
(29, 22)
(29, 21)
(29, 21)
(29, 21)
(29, 21)
(30, 21)
(30, 21)
(30, 21)
(30, 21)
(30, 21)
(30, 21)
(31, 21)
(31, 21)
(31, 21)
(31, 21)
(31, 21)
(32, 21)
(32, 21)
(32, 21)
(32, 44)
(32, 44)
(31, 44)
(31, 44)
(31, 44)
(31, 44)
(31, 44)
(30, 44)
(30, 44)
(30, 44)
(30, 44)
(30, 44)
(29, 44)
(29, 44)
(29, 44)
(29, 44)
(28, 43)
(28, 43)
(28, 43)
(28, 43)
(28, 43)
(28, 43)
(27, 43)
(27, 43)
(27, 43)
(27, 43)
(27, 43)
(26, 43)
(26, 42)
(26, 42)
(26, 42)
(26, 42)
(25, 42)
(25, 42)
(25, 42)
(25, 42)
(25, 42)
(25, 41)
(24, 41)
(24, 41)
(24, 41)
(24, 41)
(24, 41)
(24, 41)
(24, 40)
(23, 40)
(23, 40)
(23, 40)
(23, 40)
(23, 40)
(23, 40)
(23, 39)
(22, 39)
(22, 39)
(22, 39)
(22, 39)
(22, 39)
(22, 38)
(22, 38)
(22, 38)
(22, 38)
(21, 38)
(21, 37)
(21, 37)
(21, 37)
(21, 37)
(21, 37)
(21, 36)
(21, 36)
(21, 36)
(21, 36)
(21, 36)
(21, 36)
(20, 35)
(20, 35)
(20, 35)
(20, 35)
(20, 34)
(20, 34)
(20, 34)
(20, 34)
(20, 34)
(20, 33)
(20, 33)
(20, 33)
(20, 33)
(20, 33)
(20, 32)
(20, 32)
(20, 32)
(20, 32)
(20, 32)
(20, 31)
(20, 31)
(20, 31)
(20, 31)
(20, 31)
(20, 30)
(20, 30)
(20, 30)
(20, 30)
(20, 30)
(20, 29)
(20, 29)
(20, 29)
(20, 29)
(21, 28)
(21, 28)
(21, 28)
(21, 28)
(21, 28)
(21, 28)
(21, 27)
(21, 27)
(21, 27)
(21, 27)
(21, 27)
(21, 26)
(22, 26)
(22, 26)
(22, 26)
(22, 26)
(22, 25)
(22, 25)
(22, 25)
(22, 25)
(22, 25)
(23, 25)
(23, 24)
(23, 24)
(23, 24)
(23, 24)
(23, 24)
(23, 24)
(24, 24)
(24, 23)
(24, 23)
(24, 23)
(24, 23)
(24, 23)
(24, 23)
(25, 23)
(25, 22)
(25, 22)
(25, 22)
(25, 22)
(25, 22)
(26, 22)
(26, 22)
(26, 22)
(26, 22)
(26, 21)
(27, 21)
(27, 21)
(27, 21)
(27, 21)
(27, 21)
(28, 21)
(28, 21)
(28, 21)
(28, 21)
(28, 21)
(28, 21)
(29, 20)
(29, 20)
(29, 20)
(29, 20)
(30, 20)
(30, 20)
(30, 20)
(30, 20)
(30, 20)
(31, 20)
(31, 20)
(31, 20)
(31, 20)
(31, 20)
(32, 20)
(32, 20)
(32, 20)
(32, 45)
(32, 45)
(31, 45)
(31, 45)
(31, 45)
(31, 45)
(30, 45)
(30, 45)
(30, 45)
(30, 45)
(30, 45)
(29, 45)
(29, 45)
(29, 45)
(29, 45)
(28, 44)
(28, 44)
(28, 44)
(28, 44)
(28, 44)
(27, 44)
(27, 44)
(27, 44)
(27, 44)
(27, 44)
(26, 44)
(26, 44)
(26, 43)
(26, 43)
(25, 43)
(25, 43)
(25, 43)
(25, 43)
(25, 43)
(25, 43)
(24, 43)
(24, 42)
(24, 42)
(24, 42)
(24, 42)
(23, 42)
(23, 42)
(23, 42)
(23, 41)
(23, 41)
(23, 41)
(22, 41)
(22, 41)
(22, 41)
(22, 40)
(22, 40)
(22, 40)
(22, 40)
(21, 40)
(21, 39)
(21, 39)
(21, 39)
(21, 39)
(21, 39)
(21, 39)
(21, 38)
(21, 38)
(20, 38)
(20, 38)
(20, 37)
(20, 37)
(20, 37)
(20, 37)
(20, 37)
(20, 36)
(20, 36)
(20, 36)
(20, 36)
(20, 36)
(19, 35)
(19, 35)
(19, 35)
(19, 35)
(19, 34)
(19, 34)
(19, 34)
(19, 34)
(19, 34)
(19, 33)
(19, 33)
(19, 33)
(19, 33)
(19, 32)
(19, 32)
(19, 32)
(19, 32)
(19, 32)
(19, 31)
(19, 31)
(19, 31)
(19, 31)
(19, 30)
(19, 30)
(19, 30)
(19, 30)
(19, 30)
(19, 29)
(19, 29)
(19, 29)
(19, 29)
(20, 28)
(20, 28)
(20, 28)
(20, 28)
(20, 28)
(20, 27)
(20, 27)
(20, 27)
(20, 27)
(20, 27)
(20, 26)
(20, 26)
(21, 26)
(21, 26)
(21, 26)
(21, 25)
(21, 25)
(21, 25)
(21, 25)
(21, 25)
(21, 24)
(22, 24)
(22, 24)
(22, 24)
(22, 24)
(22, 23)
(22, 23)
(22, 23)
(23, 23)
(23, 23)
(23, 23)
(23, 22)
(23, 22)
(23, 22)
(24, 22)
(24, 22)
(24, 22)
(24, 22)
(24, 21)
(25, 21)
(25, 21)
(25, 21)
(25, 21)
(25, 21)
(26, 21)
(26, 21)
(26, 21)
(26, 20)
(26, 20)
(27, 20)
(27, 20)
(27, 20)
(27, 20)
(27, 20)
(28, 20)
(28, 20)
(28, 20)
(28, 20)
(28, 20)
(29, 19)
(29, 19)
(29, 19)
(29, 19)
(30, 19)
(30, 19)
(30, 19)
(30, 19)
(30, 19)
(31, 19)
(31, 19)
(31, 19)
(31, 19)
(32, 19)
(32, 19)
(32, 19)
(32, 46)
(32, 46)
(31, 46)
(31, 46)
(31, 46)
(31, 46)
(30, 46)
(30, 46)
(30, 46)
(30, 46)
(29, 46)
(29, 46)
(29, 46)
(29, 46)
(28, 46)
(28, 45)
(28, 45)
(28, 45)
(27, 45)
(27, 45)
(27, 45)
(27, 45)
(27, 45)
(26, 45)
(26, 45)
(26, 45)
(26, 44)
(25, 44)
(25, 44)
(25, 44)
(25, 44)
(25, 44)
(24, 44)
(24, 44)
(24, 43)
(24, 43)
(24, 43)
(23, 43)
(23, 43)
(23, 43)
(23, 43)
(23, 42)
(22, 42)
(22, 42)
(22, 42)
(22, 42)
(22, 42)
(22, 41)
(21, 41)
(21, 41)
(21, 41)
(21, 41)
(21, 40)
(21, 40)
(21, 40)
(20, 40)
(20, 40)
(20, 39)
(20, 39)
(20, 39)
(20, 39)
(20, 39)
(20, 38)
(19, 38)
(19, 38)
(19, 38)
(19, 37)
(19, 37)
(19, 37)
(19, 37)
(19, 37)
(19, 36)
(19, 36)
(19, 36)
(18, 36)
(18, 35)
(18, 35)
(18, 35)
(18, 35)
(18, 34)
(18, 34)
(18, 34)
(18, 34)
(18, 33)
(18, 33)
(18, 33)
(18, 33)
(18, 32)
(18, 32)
(18, 32)
(18, 32)
(18, 32)
(18, 31)
(18, 31)
(18, 31)
(18, 31)
(18, 30)
(18, 30)
(18, 30)
(18, 30)
(18, 29)
(18, 29)
(18, 29)
(18, 29)
(18, 28)
(19, 28)
(19, 28)
(19, 28)
(19, 27)
(19, 27)
(19, 27)
(19, 27)
(19, 27)
(19, 26)
(19, 26)
(19, 26)
(20, 26)
(20, 25)
(20, 25)
(20, 25)
(20, 25)
(20, 25)
(20, 24)
(20, 24)
(21, 24)
(21, 24)
(21, 24)
(21, 23)
(21, 23)
(21, 23)
(21, 23)
(22, 23)
(22, 22)
(22, 22)
(22, 22)
(22, 22)
(22, 22)
(23, 22)
(23, 21)
(23, 21)
(23, 21)
(23, 21)
(24, 21)
(24, 21)
(24, 21)
(24, 20)
(24, 20)
(25, 20)
(25, 20)
(25, 20)
(25, 20)
(25, 20)
(26, 20)
(26, 19)
(26, 19)
(26, 19)
(27, 19)
(27, 19)
(27, 19)
(27, 19)
(27, 19)
(28, 19)
(28, 19)
(28, 19)
(28, 18)
(29, 18)
(29, 18)
(29, 18)
(29, 18)
(30, 18)
(30, 18)
(30, 18)
(30, 18)
(31, 18)
(31, 18)
(31, 18)
(31, 18)
(32, 18)
(32, 18)
(32, 18)
(32, 47)
(31, 47)
(31, 47)
(31, 47)
(31, 47)
(30, 47)
(30, 47)
(30, 47)
(30, 47)
(29, 47)
(29, 47)
(29, 47)
(29, 47)
(28, 47)
(28, 46)
(28, 46)
(28, 46)
(27, 46)
(27, 46)
(27, 46)
(27, 46)
(26, 46)
(26, 46)
(26, 46)
(26, 46)
(25, 45)
(25, 45)
(25, 45)
(25, 45)
(24, 45)
(24, 45)
(24, 45)
(24, 45)
(24, 44)
(23, 44)
(23, 44)
(23, 44)
(23, 44)
(23, 44)
(22, 43)
(22, 43)
(22, 43)
(22, 43)
(22, 43)
(21, 43)
(21, 42)
(21, 42)
(21, 42)
(21, 42)
(21, 42)
(20, 41)
(20, 41)
(20, 41)
(20, 41)
(20, 41)
(20, 40)
(19, 40)
(19, 40)
(19, 40)
(19, 40)
(19, 39)
(19, 39)
(19, 39)
(19, 39)
(18, 38)
(18, 38)
(18, 38)
(18, 38)
(18, 37)
(18, 37)
(18, 37)
(18, 37)
(18, 36)
(18, 36)
(18, 36)
(17, 36)
(17, 35)
(17, 35)
(17, 35)
(17, 35)
(17, 34)
(17, 34)
(17, 34)
(17, 34)
(17, 33)
(17, 33)
(17, 33)
(17, 33)
(17, 32)
(17, 32)
(17, 32)
(17, 31)
(17, 31)
(17, 31)
(17, 31)
(17, 30)
(17, 30)
(17, 30)
(17, 30)
(17, 29)
(17, 29)
(17, 29)
(17, 29)
(17, 28)
(18, 28)
(18, 28)
(18, 28)
(18, 27)
(18, 27)
(18, 27)
(18, 27)
(18, 26)
(18, 26)
(18, 26)
(18, 26)
(19, 25)
(19, 25)
(19, 25)
(19, 25)
(19, 25)
(19, 24)
(19, 24)
(19, 24)
(20, 24)
(20, 23)
(20, 23)
(20, 23)
(20, 23)
(20, 23)
(21, 22)
(21, 22)
(21, 22)
(21, 22)
(21, 22)
(21, 21)
(22, 21)
(22, 21)
(22, 21)
(22, 21)
(22, 21)
(23, 20)
(23, 20)
(23, 20)
(23, 20)
(23, 20)
(24, 20)
(24, 19)
(24, 19)
(24, 19)
(25, 19)
(25, 19)
(25, 19)
(25, 19)
(25, 19)
(26, 18)
(26, 18)
(26, 18)
(26, 18)
(27, 18)
(27, 18)
(27, 18)
(27, 18)
(28, 18)
(28, 18)
(28, 18)
(28, 17)
(29, 17)
(29, 17)
(29, 17)
(29, 17)
(30, 17)
(30, 17)
(30, 17)
(30, 17)
(31, 17)
(31, 17)
(31, 17)
(31, 17)
(32, 17)
(32, 17)
(32, 48)
(31, 48)
(31, 48)
(31, 48)
(31, 48)
(30, 48)
(30, 48)
(30, 48)
(29, 48)
(29, 48)
(29, 48)
(29, 48)
(28, 48)
(28, 48)
(28, 47)
(28, 47)
(27, 47)
(27, 47)
(27, 47)
(27, 47)
(26, 47)
(26, 47)
(26, 47)
(25, 47)
(25, 47)
(25, 46)
(25, 46)
(24, 46)
(24, 46)
(24, 46)
(24, 46)
(24, 46)
(23, 45)
(23, 45)
(23, 45)
(23, 45)
(22, 45)
(22, 45)
(22, 44)
(22, 44)
(22, 44)
(21, 44)
(21, 44)
(21, 44)
(21, 43)
(20, 43)
(20, 43)
(20, 43)
(20, 42)
(20, 42)
(20, 42)
(19, 42)
(19, 42)
(19, 41)
(19, 41)
(19, 41)
(19, 41)
(18, 40)
(18, 40)
(18, 40)
(18, 40)
(18, 40)
(18, 39)
(18, 39)
(17, 39)
(17, 39)
(17, 38)
(17, 38)
(17, 38)
(17, 37)
(17, 37)
(17, 37)
(17, 37)
(17, 36)
(17, 36)
(16, 36)
(16, 36)
(16, 35)
(16, 35)
(16, 35)
(16, 35)
(16, 34)
(16, 34)
(16, 34)
(16, 33)
(16, 33)
(16, 33)
(16, 33)
(16, 32)
(16, 32)
(16, 32)
(16, 31)
(16, 31)
(16, 31)
(16, 31)
(16, 30)
(16, 30)
(16, 30)
(16, 29)
(16, 29)
(16, 29)
(16, 29)
(16, 28)
(16, 28)
(17, 28)
(17, 28)
(17, 27)
(17, 27)
(17, 27)
(17, 27)
(17, 26)
(17, 26)
(17, 26)
(17, 25)
(17, 25)
(18, 25)
(18, 25)
(18, 24)
(18, 24)
(18, 24)
(18, 24)
(18, 24)
(19, 23)
(19, 23)
(19, 23)
(19, 23)
(19, 22)
(19, 22)
(20, 22)
(20, 22)
(20, 22)
(20, 21)
(20, 21)
(20, 21)
(21, 21)
(21, 20)
(21, 20)
(21, 20)
(22, 20)
(22, 20)
(22, 20)
(22, 19)
(22, 19)
(23, 19)
(23, 19)
(23, 19)
(23, 19)
(24, 18)
(24, 18)
(24, 18)
(24, 18)
(24, 18)
(25, 18)
(25, 18)
(25, 17)
(25, 17)
(26, 17)
(26, 17)
(26, 17)
(27, 17)
(27, 17)
(27, 17)
(27, 17)
(28, 17)
(28, 17)
(28, 16)
(28, 16)
(29, 16)
(29, 16)
(29, 16)
(29, 16)
(30, 16)
(30, 16)
(30, 16)
(31, 16)
(31, 16)
(31, 16)
(31, 16)
(32, 16)
(32, 16)
(32, 49)
(31, 49)
(31, 49)
(31, 49)
(31, 49)
(30, 49)
(30, 49)
(30, 49)
(29, 49)
(29, 49)
(29, 49)
(28, 49)
(28, 49)
(28, 48)
(28, 48)
(27, 48)
(27, 48)
(27, 48)
(26, 48)
(26, 48)
(26, 48)
(26, 48)
(25, 48)
(25, 48)
(25, 47)
(25, 47)
(24, 47)
(24, 47)
(24, 47)
(23, 47)
(23, 47)
(23, 46)
(23, 46)
(22, 46)
(22, 46)
(22, 46)
(22, 46)
(22, 45)
(21, 45)
(21, 45)
(21, 45)
(21, 45)
(20, 44)
(20, 44)
(20, 44)
(20, 44)
(20, 44)
(19, 43)
(19, 43)
(19, 43)
(19, 43)
(19, 42)
(18, 42)
(18, 42)
(18, 42)
(18, 42)
(18, 41)
(18, 41)
(17, 41)
(17, 41)
(17, 40)
(17, 40)
(17, 40)
(17, 39)
(17, 39)
(16, 39)
(16, 39)
(16, 38)
(16, 38)
(16, 38)
(16, 38)
(16, 37)
(16, 37)
(16, 37)
(16, 36)
(16, 36)
(15, 36)
(15, 36)
(15, 35)
(15, 35)
(15, 35)
(15, 34)
(15, 34)
(15, 34)
(15, 33)
(15, 33)
(15, 33)
(15, 33)
(15, 32)
(15, 32)
(15, 32)
(15, 31)
(15, 31)
(15, 31)
(15, 31)
(15, 30)
(15, 30)
(15, 30)
(15, 29)
(15, 29)
(15, 29)
(15, 28)
(15, 28)
(16, 28)
(16, 28)
(16, 27)
(16, 27)
(16, 27)
(16, 26)
(16, 26)
(16, 26)
(16, 26)
(16, 25)
(16, 25)
(17, 25)
(17, 25)
(17, 24)
(17, 24)
(17, 24)
(17, 24)
(17, 23)
(18, 23)
(18, 23)
(18, 22)
(18, 22)
(18, 22)
(18, 22)
(19, 22)
(19, 21)
(19, 21)
(19, 21)
(19, 21)
(20, 20)
(20, 20)
(20, 20)
(20, 20)
(20, 20)
(21, 19)
(21, 19)
(21, 19)
(21, 19)
(22, 19)
(22, 18)
(22, 18)
(22, 18)
(22, 18)
(23, 18)
(23, 18)
(23, 17)
(24, 17)
(24, 17)
(24, 17)
(24, 17)
(25, 17)
(25, 17)
(25, 16)
(25, 16)
(26, 16)
(26, 16)
(26, 16)
(26, 16)
(27, 16)
(27, 16)
(27, 16)
(28, 16)
(28, 16)
(28, 15)
(28, 15)
(29, 15)
(29, 15)
(29, 15)
(30, 15)
(30, 15)
(30, 15)
(31, 15)
(31, 15)
(31, 15)
(31, 15)
(32, 15)
(32, 15)
(32, 50)
(31, 50)
(31, 50)
(31, 50)
(30, 50)
(30, 50)
(30, 50)
(29, 50)
(29, 50)
(29, 50)
(29, 50)
(28, 50)
(28, 50)
(28, 49)
(27, 49)
(27, 49)
(27, 49)
(26, 49)
(26, 49)
(26, 49)
(26, 49)
(25, 49)
(25, 49)
(25, 48)
(24, 48)
(24, 48)
(24, 48)
(24, 48)
(23, 48)
(23, 48)
(23, 47)
(22, 47)
(22, 47)
(22, 47)
(22, 47)
(21, 47)
(21, 46)
(21, 46)
(21, 46)
(20, 46)
(20, 46)
(20, 45)
(20, 45)
(19, 45)
(19, 45)
(19, 45)
(19, 44)
(19, 44)
(18, 44)
(18, 44)
(18, 43)
(18, 43)
(18, 43)
(17, 43)
(17, 42)
(17, 42)
(17, 42)
(17, 42)
(17, 41)
(16, 41)
(16, 41)
(16, 40)
(16, 40)
(16, 40)
(16, 40)
(16, 39)
(15, 39)
(15, 39)
(15, 38)
(15, 38)
(15, 38)
(15, 38)
(15, 37)
(15, 37)
(15, 37)
(15, 36)
(14, 36)
(14, 36)
(14, 35)
(14, 35)
(14, 35)
(14, 35)
(14, 34)
(14, 34)
(14, 34)
(14, 33)
(14, 33)
(14, 33)
(14, 32)
(14, 32)
(14, 32)
(14, 31)
(14, 31)
(14, 31)
(14, 30)
(14, 30)
(14, 30)
(14, 29)
(14, 29)
(14, 29)
(14, 29)
(14, 28)
(14, 28)
(15, 28)
(15, 27)
(15, 27)
(15, 27)
(15, 26)
(15, 26)
(15, 26)
(15, 26)
(15, 25)
(15, 25)
(16, 25)
(16, 24)
(16, 24)
(16, 24)
(16, 24)
(16, 23)
(16, 23)
(17, 23)
(17, 22)
(17, 22)
(17, 22)
(17, 22)
(17, 21)
(18, 21)
(18, 21)
(18, 21)
(18, 20)
(18, 20)
(19, 20)
(19, 20)
(19, 19)
(19, 19)
(19, 19)
(20, 19)
(20, 19)
(20, 18)
(20, 18)
(21, 18)
(21, 18)
(21, 18)
(21, 17)
(22, 17)
(22, 17)
(22, 17)
(22, 17)
(23, 17)
(23, 16)
(23, 16)
(24, 16)
(24, 16)
(24, 16)
(24, 16)
(25, 16)
(25, 15)
(25, 15)
(26, 15)
(26, 15)
(26, 15)
(26, 15)
(27, 15)
(27, 15)
(27, 15)
(28, 15)
(28, 14)
(28, 14)
(29, 14)
(29, 14)
(29, 14)
(29, 14)
(30, 14)
(30, 14)
(30, 14)
(31, 14)
(31, 14)
(31, 14)
(32, 14)
(32, 14)
(32, 51)
(31, 51)
(31, 51)
(31, 51)
(30, 51)
(30, 51)
(30, 51)
(29, 51)
(29, 51)
(29, 51)
(28, 51)
(28, 51)
(28, 51)
(27, 50)
(27, 50)
(27, 50)
(26, 50)
(26, 50)
(26, 50)
(26, 50)
(25, 50)
(25, 50)
(25, 49)
(24, 49)
(24, 49)
(24, 49)
(23, 49)
(23, 49)
(23, 49)
(22, 48)
(22, 48)
(22, 48)
(22, 48)
(21, 48)
(21, 48)
(21, 47)
(21, 47)
(20, 47)
(20, 47)
(20, 47)
(20, 46)
(19, 46)
(19, 46)
(19, 46)
(19, 45)
(18, 45)
(18, 45)
(18, 45)
(18, 44)
(17, 44)
(17, 44)
(17, 44)
(17, 43)
(17, 43)
(16, 43)
(16, 43)
(16, 42)
(16, 42)
(16, 42)
(16, 42)
(15, 41)
(15, 41)
(15, 41)
(15, 40)
(15, 40)
(15, 40)
(15, 39)
(14, 39)
(14, 39)
(14, 38)
(14, 38)
(14, 38)
(14, 38)
(14, 37)
(14, 37)
(14, 37)
(13, 36)
(13, 36)
(13, 36)
(13, 35)
(13, 35)
(13, 35)
(13, 34)
(13, 34)
(13, 34)
(13, 33)
(13, 33)
(13, 33)
(13, 32)
(13, 32)
(13, 32)
(13, 31)
(13, 31)
(13, 31)
(13, 30)
(13, 30)
(13, 30)
(13, 29)
(13, 29)
(13, 29)
(13, 28)
(13, 28)
(13, 28)
(14, 27)
(14, 27)
(14, 27)
(14, 26)
(14, 26)
(14, 26)
(14, 26)
(14, 25)
(14, 25)
(15, 25)
(15, 24)
(15, 24)
(15, 24)
(15, 23)
(15, 23)
(15, 23)
(16, 23)
(16, 22)
(16, 22)
(16, 22)
(16, 21)
(16, 21)
(17, 21)
(17, 21)
(17, 20)
(17, 20)
(17, 20)
(18, 20)
(18, 19)
(18, 19)
(18, 19)
(19, 19)
(19, 18)
(19, 18)
(19, 18)
(20, 18)
(20, 17)
(20, 17)
(20, 17)
(21, 17)
(21, 17)
(21, 16)
(21, 16)
(22, 16)
(22, 16)
(22, 16)
(23, 16)
(23, 15)
(23, 15)
(23, 15)
(24, 15)
(24, 15)
(24, 15)
(25, 15)
(25, 14)
(25, 14)
(26, 14)
(26, 14)
(26, 14)
(26, 14)
(27, 14)
(27, 14)
(27, 14)
(28, 13)
(28, 13)
(28, 13)
(29, 13)
(29, 13)
(29, 13)
(30, 13)
(30, 13)
(30, 13)
(31, 13)
(31, 13)
(31, 13)
(32, 13)
(32, 13)
(32, 52)
(31, 52)
(31, 52)
(31, 52)
(30, 52)
(30, 52)
(30, 52)
(29, 52)
(29, 52)
(29, 52)
(28, 52)
(28, 52)
(28, 51)
(27, 51)
(27, 51)
(26, 51)
(26, 51)
(26, 51)
(25, 51)
(25, 51)
(25, 51)
(25, 51)
(24, 50)
(24, 50)
(24, 50)
(23, 50)
(23, 50)
(23, 50)
(22, 49)
(22, 49)
(22, 49)
(21, 49)
(21, 49)
(21, 49)
(21, 48)
(20, 48)
(20, 48)
(20, 48)
(19, 48)
(19, 47)
(19, 47)
(19, 47)
(18, 47)
(18, 46)
(18, 46)
(18, 46)
(17, 46)
(17, 45)
(17, 45)
(17, 45)
(16, 45)
(16, 44)
(16, 44)
(16, 44)
(16, 43)
(15, 43)
(15, 43)
(15, 43)
(15, 42)
(15, 42)
(15, 42)
(14, 41)
(14, 41)
(14, 41)
(14, 40)
(14, 40)
(14, 40)
(13, 39)
(13, 39)
(13, 39)
(13, 39)
(13, 38)
(13, 38)
(13, 38)
(13, 37)
(13, 37)
(13, 36)
(12, 36)
(12, 36)
(12, 35)
(12, 35)
(12, 35)
(12, 34)
(12, 34)
(12, 34)
(12, 33)
(12, 33)
(12, 33)
(12, 32)
(12, 32)
(12, 32)
(12, 31)
(12, 31)
(12, 31)
(12, 30)
(12, 30)
(12, 30)
(12, 29)
(12, 29)
(12, 29)
(12, 28)
(12, 28)
(13, 28)
(13, 27)
(13, 27)
(13, 26)
(13, 26)
(13, 26)
(13, 25)
(13, 25)
(13, 25)
(13, 25)
(14, 24)
(14, 24)
(14, 24)
(14, 23)
(14, 23)
(14, 23)
(15, 22)
(15, 22)
(15, 22)
(15, 21)
(15, 21)
(15, 21)
(16, 21)
(16, 20)
(16, 20)
(16, 20)
(16, 19)
(17, 19)
(17, 19)
(17, 19)
(17, 18)
(18, 18)
(18, 18)
(18, 18)
(18, 17)
(19, 17)
(19, 17)
(19, 17)
(19, 16)
(20, 16)
(20, 16)
(20, 16)
(21, 16)
(21, 15)
(21, 15)
(21, 15)
(22, 15)
(22, 15)
(22, 15)
(23, 14)
(23, 14)
(23, 14)
(24, 14)
(24, 14)
(24, 14)
(25, 13)
(25, 13)
(25, 13)
(25, 13)
(26, 13)
(26, 13)
(26, 13)
(27, 13)
(27, 13)
(28, 13)
(28, 12)
(28, 12)
(29, 12)
(29, 12)
(29, 12)
(30, 12)
(30, 12)
(30, 12)
(31, 12)
(31, 12)
(31, 12)
(32, 12)
(32, 12)
(32, 53)
(31, 53)
(31, 53)
(31, 53)
(30, 53)
(30, 53)
(29, 53)
(29, 53)
(29, 53)
(28, 53)
(28, 53)
(28, 53)
(27, 52)
(27, 52)
(27, 52)
(26, 52)
(26, 52)
(26, 52)
(25, 52)
(25, 52)
(24, 52)
(24, 51)
(24, 51)
(23, 51)
(23, 51)
(23, 51)
(22, 51)
(22, 51)
(22, 50)
(21, 50)
(21, 50)
(21, 50)
(21, 50)
(20, 49)
(20, 49)
(20, 49)
(19, 49)
(19, 49)
(19, 48)
(19, 48)
(18, 48)
(18, 48)
(18, 47)
(17, 47)
(17, 47)
(17, 47)
(17, 46)
(16, 46)
(16, 46)
(16, 45)
(16, 45)
(15, 45)
(15, 45)
(15, 44)
(15, 44)
(15, 44)
(14, 43)
(14, 43)
(14, 43)
(14, 43)
(14, 42)
(13, 42)
(13, 42)
(13, 41)
(13, 41)
(13, 41)
(13, 40)
(13, 40)
(12, 40)
(12, 39)
(12, 39)
(12, 38)
(12, 38)
(12, 38)
(12, 37)
(12, 37)
(12, 37)
(11, 36)
(11, 36)
(11, 36)
(11, 35)
(11, 35)
(11, 35)
(11, 34)
(11, 34)
(11, 33)
(11, 33)
(11, 33)
(11, 32)
(11, 32)
(11, 32)
(11, 31)
(11, 31)
(11, 31)
(11, 30)
(11, 30)
(11, 29)
(11, 29)
(11, 29)
(11, 28)
(11, 28)
(11, 28)
(12, 27)
(12, 27)
(12, 27)
(12, 26)
(12, 26)
(12, 26)
(12, 25)
(12, 25)
(12, 24)
(13, 24)
(13, 24)
(13, 23)
(13, 23)
(13, 23)
(13, 22)
(13, 22)
(14, 22)
(14, 22)
(14, 21)
(14, 21)
(14, 21)
(15, 20)
(15, 20)
(15, 20)
(15, 19)
(15, 19)
(16, 19)
(16, 19)
(16, 18)
(16, 18)
(17, 18)
(17, 17)
(17, 17)
(17, 17)
(18, 17)
(18, 16)
(18, 16)
(19, 16)
(19, 16)
(19, 15)
(19, 15)
(20, 15)
(20, 15)
(20, 15)
(21, 14)
(21, 14)
(21, 14)
(22, 14)
(22, 14)
(22, 13)
(22, 13)
(23, 13)
(23, 13)
(23, 13)
(24, 13)
(24, 13)
(24, 12)
(25, 12)
(25, 12)
(26, 12)
(26, 12)
(26, 12)
(27, 12)
(27, 12)
(27, 12)
(28, 11)
(28, 11)
(28, 11)
(29, 11)
(29, 11)
(29, 11)
(30, 11)
(30, 11)
(31, 11)
(31, 11)
(31, 11)
(32, 11)
(32, 11)
(32, 54)
(31, 54)
(31, 54)
(30, 54)
(30, 54)
(30, 54)
(29, 54)
(29, 54)
(29, 54)
(28, 54)
(28, 54)
(27, 54)
(27, 53)
(27, 53)
(26, 53)
(26, 53)
(26, 53)
(25, 53)
(25, 53)
(24, 53)
(24, 53)
(24, 52)
(23, 52)
(23, 52)
(23, 52)
(22, 52)
(22, 52)
(22, 51)
(21, 51)
(21, 51)
(21, 51)
(20, 51)
(20, 50)
(20, 50)
(19, 50)
(19, 50)
(19, 50)
(18, 49)
(18, 49)
(18, 49)
(18, 49)
(17, 48)
(17, 48)
(17, 48)
(16, 48)
(16, 47)
(16, 47)
(16, 47)
(15, 46)
(15, 46)
(15, 46)
(15, 46)
(14, 45)
(14, 45)
(14, 45)
(14, 44)
(14, 44)
(13, 44)
(13, 43)
(13, 43)
(13, 43)
(13, 42)
(12, 42)
(12, 42)
(12, 41)
(12, 41)
(12, 41)
(12, 40)
(11, 40)
(11, 40)
(11, 39)
(11, 39)
(11, 38)
(11, 38)
(11, 38)
(11, 37)
(11, 37)
(10, 37)
(10, 36)
(10, 36)
(10, 35)
(10, 35)
(10, 35)
(10, 34)
(10, 34)
(10, 34)
(10, 33)
(10, 33)
(10, 32)
(10, 32)
(10, 32)
(10, 31)
(10, 31)
(10, 30)
(10, 30)
(10, 30)
(10, 29)
(10, 29)
(10, 29)
(10, 28)
(10, 28)
(10, 27)
(11, 27)
(11, 27)
(11, 26)
(11, 26)
(11, 26)
(11, 25)
(11, 25)
(11, 24)
(11, 24)
(12, 24)
(12, 23)
(12, 23)
(12, 23)
(12, 22)
(12, 22)
(13, 22)
(13, 21)
(13, 21)
(13, 21)
(13, 20)
(14, 20)
(14, 20)
(14, 19)
(14, 19)
(14, 19)
(15, 18)
(15, 18)
(15, 18)
(15, 18)
(16, 17)
(16, 17)
(16, 17)
(16, 16)
(17, 16)
(17, 16)
(17, 16)
(18, 15)
(18, 15)
(18, 15)
(18, 15)
(19, 14)
(19, 14)
(19, 14)
(20, 14)
(20, 14)
(20, 13)
(21, 13)
(21, 13)
(21, 13)
(22, 13)
(22, 12)
(22, 12)
(23, 12)
(23, 12)
(23, 12)
(24, 12)
(24, 11)
(24, 11)
(25, 11)
(25, 11)
(26, 11)
(26, 11)
(26, 11)
(27, 11)
(27, 11)
(27, 10)
(28, 10)
(28, 10)
(29, 10)
(29, 10)
(29, 10)
(30, 10)
(30, 10)
(30, 10)
(31, 10)
(31, 10)
(32, 10)
(32, 10)
(32, 55)
(31, 55)
(31, 55)
(30, 55)
(30, 55)
(30, 55)
(29, 55)
(29, 55)
(28, 55)
(28, 55)
(28, 55)
(27, 54)
(27, 54)
(26, 54)
(26, 54)
(26, 54)
(25, 54)
(25, 54)
(25, 54)
(24, 54)
(24, 53)
(23, 53)
(23, 53)
(23, 53)
(22, 53)
(22, 53)
(22, 52)
(21, 52)
(21, 52)
(20, 52)
(20, 52)
(20, 52)
(19, 51)
(19, 51)
(19, 51)
(18, 51)
(18, 50)
(18, 50)
(18, 50)
(17, 50)
(17, 49)
(17, 49)
(16, 49)
(16, 49)
(16, 48)
(15, 48)
(15, 48)
(15, 47)
(15, 47)
(14, 47)
(14, 46)
(14, 46)
(14, 46)
(13, 46)
(13, 45)
(13, 45)
(13, 45)
(12, 44)
(12, 44)
(12, 44)
(12, 43)
(12, 43)
(12, 42)
(11, 42)
(11, 42)
(11, 41)
(11, 41)
(11, 41)
(11, 40)
(10, 40)
(10, 39)
(10, 39)
(10, 39)
(10, 38)
(10, 38)
(10, 38)
(10, 37)
(10, 37)
(9, 36)
(9, 36)
(9, 36)
(9, 35)
(9, 35)
(9, 34)
(9, 34)
(9, 34)
(9, 33)
(9, 33)
(9, 32)
(9, 32)
(9, 32)
(9, 31)
(9, 31)
(9, 30)
(9, 30)
(9, 30)
(9, 29)
(9, 29)
(9, 28)
(9, 28)
(9, 28)
(10, 27)
(10, 27)
(10, 26)
(10, 26)
(10, 26)
(10, 25)
(10, 25)
(10, 25)
(10, 24)
(11, 24)
(11, 23)
(11, 23)
(11, 23)
(11, 22)
(11, 22)
(12, 22)
(12, 21)
(12, 21)
(12, 21)
(12, 20)
(12, 20)
(13, 19)
(13, 19)
(13, 19)
(13, 18)
(14, 18)
(14, 18)
(14, 18)
(14, 17)
(15, 17)
(15, 17)
(15, 16)
(15, 16)
(16, 16)
(16, 15)
(16, 15)
(17, 15)
(17, 15)
(17, 14)
(18, 14)
(18, 14)
(18, 14)
(18, 13)
(19, 13)
(19, 13)
(19, 13)
(20, 12)
(20, 12)
(21, 12)
(21, 12)
(21, 12)
(22, 12)
(22, 11)
(22, 11)
(23, 11)
(23, 11)
(23, 11)
(24, 11)
(24, 10)
(25, 10)
(25, 10)
(25, 10)
(26, 10)
(26, 10)
(26, 10)
(27, 10)
(27, 10)
(28, 9)
(28, 9)
(28, 9)
(29, 9)
(29, 9)
(30, 9)
(30, 9)
(30, 9)
(31, 9)
(31, 9)
(32, 9)
(32, 9)
(32, 56)
(31, 56)
(31, 56)
(30, 56)
(30, 56)
(29, 56)
(29, 56)
(29, 56)
(28, 56)
(28, 56)
(27, 56)
(27, 55)
(27, 55)
(26, 55)
(26, 55)
(25, 55)
(25, 55)
(25, 55)
(24, 55)
(24, 55)
(23, 54)
(23, 54)
(23, 54)
(22, 54)
(22, 54)
(21, 54)
(21, 53)
(21, 53)
(20, 53)
(20, 53)
(20, 53)
(19, 52)
(19, 52)
(19, 52)
(18, 52)
(18, 51)
(18, 51)
(17, 51)
(17, 51)
(17, 50)
(16, 50)
(16, 50)
(16, 50)
(15, 49)
(15, 49)
(15, 49)
(14, 48)
(14, 48)
(14, 48)
(14, 47)
(13, 47)
(13, 47)
(13, 46)
(13, 46)
(12, 46)
(12, 45)
(12, 45)
(12, 45)
(11, 44)
(11, 44)
(11, 44)
(11, 43)
(11, 43)
(10, 43)
(10, 42)
(10, 42)
(10, 41)
(10, 41)
(10, 41)
(9, 40)
(9, 40)
(9, 39)
(9, 39)
(9, 39)
(9, 38)
(9, 38)
(9, 37)
(9, 37)
(8, 37)
(8, 36)
(8, 36)
(8, 35)
(8, 35)
(8, 35)
(8, 34)
(8, 34)
(8, 33)
(8, 33)
(8, 32)
(8, 32)
(8, 32)
(8, 31)
(8, 31)
(8, 30)
(8, 30)
(8, 29)
(8, 29)
(8, 29)
(8, 28)
(8, 28)
(8, 27)
(9, 27)
(9, 27)
(9, 26)
(9, 26)
(9, 25)
(9, 25)
(9, 25)
(9, 24)
(9, 24)
(10, 23)
(10, 23)
(10, 23)
(10, 22)
(10, 22)
(10, 21)
(11, 21)
(11, 21)
(11, 20)
(11, 20)
(11, 20)
(12, 19)
(12, 19)
(12, 19)
(12, 18)
(13, 18)
(13, 18)
(13, 17)
(13, 17)
(14, 17)
(14, 16)
(14, 16)
(14, 16)
(15, 15)
(15, 15)
(15, 15)
(16, 14)
(16, 14)
(16, 14)
(17, 14)
(17, 13)
(17, 13)
(18, 13)
(18, 13)
(18, 12)
(19, 12)
(19, 12)
(19, 12)
(20, 11)
(20, 11)
(20, 11)
(21, 11)
(21, 11)
(21, 10)
(22, 10)
(22, 10)
(23, 10)
(23, 10)
(23, 10)
(24, 9)
(24, 9)
(25, 9)
(25, 9)
(25, 9)
(26, 9)
(26, 9)
(27, 9)
(27, 9)
(27, 8)
(28, 8)
(28, 8)
(29, 8)
(29, 8)
(29, 8)
(30, 8)
(30, 8)
(31, 8)
(31, 8)
(32, 8)
(32, 8)
(32, 57)
(31, 57)
(31, 57)
(30, 57)
(30, 57)
(29, 57)
(29, 57)
(29, 57)
(28, 57)
(28, 57)
(27, 57)
(27, 56)
(26, 56)
(26, 56)
(26, 56)
(25, 56)
(25, 56)
(24, 56)
(24, 56)
(23, 55)
(23, 55)
(23, 55)
(22, 55)
(22, 55)
(21, 55)
(21, 54)
(21, 54)
(20, 54)
(20, 54)
(19, 54)
(19, 53)
(19, 53)
(18, 53)
(18, 53)
(18, 52)
(17, 52)
(17, 52)
(17, 52)
(16, 51)
(16, 51)
(16, 51)
(15, 51)
(15, 50)
(15, 50)
(14, 50)
(14, 49)
(14, 49)
(13, 49)
(13, 48)
(13, 48)
(13, 48)
(12, 47)
(12, 47)
(12, 47)
(12, 46)
(11, 46)
(11, 46)
(11, 45)
(11, 45)
(10, 45)
(10, 44)
(10, 44)
(10, 43)
(10, 43)
(9, 43)
(9, 42)
(9, 42)
(9, 41)
(9, 41)
(9, 41)
(8, 40)
(8, 40)
(8, 39)
(8, 39)
(8, 38)
(8, 38)
(8, 38)
(8, 37)
(7, 37)
(7, 36)
(7, 36)
(7, 35)
(7, 35)
(7, 35)
(7, 34)
(7, 34)
(7, 33)
(7, 33)
(7, 32)
(7, 32)
(7, 32)
(7, 31)
(7, 31)
(7, 30)
(7, 30)
(7, 29)
(7, 29)
(7, 29)
(7, 28)
(7, 28)
(7, 27)
(8, 27)
(8, 26)
(8, 26)
(8, 26)
(8, 25)
(8, 25)
(8, 24)
(8, 24)
(9, 23)
(9, 23)
(9, 23)
(9, 22)
(9, 22)
(9, 21)
(10, 21)
(10, 21)
(10, 20)
(10, 20)
(10, 20)
(11, 19)
(11, 19)
(11, 18)
(11, 18)
(12, 18)
(12, 17)
(12, 17)
(12, 17)
(13, 16)
(13, 16)
(13, 16)
(13, 15)
(14, 15)
(14, 15)
(14, 14)
(15, 14)
(15, 14)
(15, 13)
(16, 13)
(16, 13)
(16, 13)
(17, 12)
(17, 12)
(17, 12)
(18, 12)
(18, 11)
(18, 11)
(19, 11)
(19, 11)
(20, 10)
(20, 10)
(20, 10)
(21, 10)
(21, 10)
(21, 9)
(22, 9)
(22, 9)
(23, 9)
(23, 9)
(23, 9)
(24, 8)
(24, 8)
(25, 8)
(25, 8)
(26, 8)
(26, 8)
(26, 8)
(27, 8)
(27, 7)
(28, 7)
(28, 7)
(29, 7)
(29, 7)
(29, 7)
(30, 7)
(30, 7)
(31, 7)
(31, 7)
(32, 7)
(32, 7)
(32, 58)
(31, 58)
(31, 58)
(30, 58)
(30, 58)
(29, 58)
(29, 58)
(28, 58)
(28, 58)
(27, 58)
(27, 58)
(27, 57)
(26, 57)
(26, 57)
(25, 57)
(25, 57)
(24, 57)
(24, 57)
(24, 57)
(23, 56)
(23, 56)
(22, 56)
(22, 56)
(21, 56)
(21, 56)
(21, 55)
(20, 55)
(20, 55)
(19, 55)
(19, 55)
(19, 54)
(18, 54)
(18, 54)
(17, 54)
(17, 53)
(17, 53)
(16, 53)
(16, 52)
(16, 52)
(15, 52)
(15, 52)
(15, 51)
(14, 51)
(14, 51)
(14, 50)
(13, 50)
(13, 50)
(13, 49)
(12, 49)
(12, 49)
(12, 48)
(12, 48)
(11, 48)
(11, 47)
(11, 47)
(10, 47)
(10, 46)
(10, 46)
(10, 45)
(9, 45)
(9, 45)
(9, 44)
(9, 44)
(9, 43)
(8, 43)
(8, 43)
(8, 42)
(8, 42)
(8, 41)
(8, 41)
(7, 40)
(7, 40)
(7, 40)
(7, 39)
(7, 39)
(7, 38)
(7, 38)
(7, 37)
(6, 37)
(6, 37)
(6, 36)
(6, 36)
(6, 35)
(6, 35)
(6, 34)
(6, 34)
(6, 33)
(6, 33)
(6, 32)
(6, 32)
(6, 32)
(6, 31)
(6, 31)
(6, 30)
(6, 30)
(6, 29)
(6, 29)
(6, 28)
(6, 28)
(6, 27)
(6, 27)
(7, 27)
(7, 26)
(7, 26)
(7, 25)
(7, 25)
(7, 24)
(7, 24)
(7, 24)
(8, 23)
(8, 23)
(8, 22)
(8, 22)
(8, 21)
(8, 21)
(9, 21)
(9, 20)
(9, 20)
(9, 19)
(9, 19)
(10, 19)
(10, 18)
(10, 18)
(10, 17)
(11, 17)
(11, 17)
(11, 16)
(12, 16)
(12, 16)
(12, 15)
(12, 15)
(13, 15)
(13, 14)
(13, 14)
(14, 14)
(14, 13)
(14, 13)
(15, 13)
(15, 12)
(15, 12)
(16, 12)
(16, 12)
(16, 11)
(17, 11)
(17, 11)
(17, 10)
(18, 10)
(18, 10)
(19, 10)
(19, 9)
(19, 9)
(20, 9)
(20, 9)
(21, 9)
(21, 8)
(21, 8)
(22, 8)
(22, 8)
(23, 8)
(23, 8)
(24, 7)
(24, 7)
(24, 7)
(25, 7)
(25, 7)
(26, 7)
(26, 7)
(27, 7)
(27, 6)
(27, 6)
(28, 6)
(28, 6)
(29, 6)
(29, 6)
(30, 6)
(30, 6)
(31, 6)
(31, 6)
(32, 6)
(32, 6)
(32, 59)
(31, 59)
(31, 59)
(30, 59)
(30, 59)
(29, 59)
(29, 59)
(28, 59)
(28, 59)
(27, 59)
(27, 59)
(26, 58)
(26, 58)
(25, 58)
(25, 58)
(25, 58)
(24, 58)
(24, 58)
(23, 58)
(23, 57)
(22, 57)
(22, 57)
(21, 57)
(21, 57)
(21, 56)
(20, 56)
(20, 56)
(19, 56)
(19, 56)
(18, 55)
(18, 55)
(18, 55)
(17, 55)
(17, 54)
(17, 54)
(16, 54)
(16, 54)
(15, 53)
(15, 53)
(15, 53)
(14, 52)
(14, 52)
(14, 52)
(13, 51)
(13, 51)
(13, 51)
(12, 50)
(12, 50)
(12, 50)
(11, 49)
(11, 49)
(11, 49)
(10, 48)
(10, 48)
(10, 47)
(10, 47)
(9, 47)
(9, 46)
(9, 46)
(9, 46)
(8, 45)
(8, 45)
(8, 44)
(8, 44)
(8, 43)
(7, 43)
(7, 43)
(7, 42)
(7, 42)
(7, 41)
(6, 41)
(6, 40)
(6, 40)
(6, 39)
(6, 39)
(6, 39)
(6, 38)
(6, 38)
(5, 37)
(5, 37)
(5, 36)
(5, 36)
(5, 35)
(5, 35)
(5, 34)
(5, 34)
(5, 33)
(5, 33)
(5, 32)
(5, 32)
(5, 32)
(5, 31)
(5, 31)
(5, 30)
(5, 30)
(5, 29)
(5, 29)
(5, 28)
(5, 28)
(5, 27)
(5, 27)
(6, 26)
(6, 26)
(6, 25)
(6, 25)
(6, 25)
(6, 24)
(6, 24)
(6, 23)
(7, 23)
(7, 22)
(7, 22)
(7, 21)
(7, 21)
(8, 21)
(8, 20)
(8, 20)
(8, 19)
(8, 19)
(9, 19)
(9, 18)
(9, 18)
(9, 17)
(10, 17)
(10, 17)
(10, 16)
(10, 16)
(11, 15)
(11, 15)
(11, 15)
(12, 14)
(12, 14)
(12, 14)
(13, 13)
(13, 13)
(13, 13)
(14, 12)
(14, 12)
(14, 12)
(15, 11)
(15, 11)
(15, 11)
(16, 10)
(16, 10)
(17, 10)
(17, 10)
(17, 9)
(18, 9)
(18, 9)
(19, 9)
(19, 8)
(19, 8)
(20, 8)
(20, 8)
(21, 8)
(21, 7)
(21, 7)
(22, 7)
(22, 7)
(23, 7)
(23, 6)
(24, 6)
(24, 6)
(25, 6)
(25, 6)
(25, 6)
(26, 6)
(26, 6)
(27, 5)
(27, 5)
(28, 5)
(28, 5)
(29, 5)
(29, 5)
(30, 5)
(30, 5)
(31, 5)
(31, 5)
(32, 5)
(32, 5)
(32, 60)
(31, 60)
(31, 60)
(30, 60)
(30, 60)
(29, 60)
(29, 60)
(28, 60)
(28, 60)
(27, 60)
(27, 59)
(26, 59)
(26, 59)
(25, 59)
(25, 59)
(24, 59)
(24, 59)
(23, 59)
(23, 58)
(22, 58)
(22, 58)
(22, 58)
(21, 58)
(21, 58)
(20, 57)
(20, 57)
(19, 57)
(19, 57)
(18, 56)
(18, 56)
(18, 56)
(17, 56)
(17, 55)
(16, 55)
(16, 55)
(16, 55)
(15, 54)
(15, 54)
(14, 54)
(14, 53)
(14, 53)
(13, 53)
(13, 52)
(13, 52)
(12, 52)
(12, 51)
(12, 51)
(11, 51)
(11, 50)
(11, 50)
(10, 50)
(10, 49)
(10, 49)
(9, 48)
(9, 48)
(9, 48)
(9, 47)
(8, 47)
(8, 46)
(8, 46)
(8, 46)
(7, 45)
(7, 45)
(7, 44)
(7, 44)
(6, 43)
(6, 43)
(6, 42)
(6, 42)
(6, 42)
(6, 41)
(5, 41)
(5, 40)
(5, 40)
(5, 39)
(5, 39)
(5, 38)
(5, 38)
(5, 37)
(4, 37)
(4, 36)
(4, 36)
(4, 35)
(4, 35)
(4, 34)
(4, 34)
(4, 33)
(4, 33)
(4, 32)
(4, 32)
(4, 32)
(4, 31)
(4, 31)
(4, 30)
(4, 30)
(4, 29)
(4, 29)
(4, 28)
(4, 28)
(4, 27)
(5, 27)
(5, 26)
(5, 26)
(5, 25)
(5, 25)
(5, 24)
(5, 24)
(5, 23)
(6, 23)
(6, 22)
(6, 22)
(6, 22)
(6, 21)
(6, 21)
(7, 20)
(7, 20)
(7, 19)
(7, 19)
(8, 18)
(8, 18)
(8, 18)
(8, 17)
(9, 17)
(9, 16)
(9, 16)
(9, 16)
(10, 15)
(10, 15)
(10, 14)
(11, 14)
(11, 14)
(11, 13)
(12, 13)
(12, 13)
(12, 12)
(13, 12)
(13, 12)
(13, 11)
(14, 11)
(14, 11)
(14, 10)
(15, 10)
(15, 10)
(16, 9)
(16, 9)
(16, 9)
(17, 9)
(17, 8)
(18, 8)
(18, 8)
(18, 8)
(19, 7)
(19, 7)
(20, 7)
(20, 7)
(21, 6)
(21, 6)
(22, 6)
(22, 6)
(22, 6)
(23, 6)
(23, 5)
(24, 5)
(24, 5)
(25, 5)
(25, 5)
(26, 5)
(26, 5)
(27, 5)
(27, 4)
(28, 4)
(28, 4)
(29, 4)
(29, 4)
(30, 4)
(30, 4)
(31, 4)
(31, 4)
(32, 4)
(32, 4)
(31, 61)
(31, 61)
(30, 61)
(30, 61)
(29, 61)
(29, 61)
(28, 61)
(28, 61)
(27, 61)
(27, 61)
(26, 60)
(26, 60)
(25, 60)
(25, 60)
(24, 60)
(24, 60)
(24, 60)
(23, 60)
(23, 59)
(22, 59)
(22, 59)
(21, 59)
(21, 59)
(20, 58)
(20, 58)
(19, 58)
(19, 58)
(18, 58)
(18, 57)
(17, 57)
(17, 57)
(17, 57)
(16, 56)
(16, 56)
(15, 56)
(15, 55)
(15, 55)
(14, 55)
(14, 55)
(13, 54)
(13, 54)
(13, 54)
(12, 53)
(12, 53)
(11, 53)
(11, 52)
(11, 52)
(10, 51)
(10, 51)
(10, 51)
(9, 50)
(9, 50)
(9, 49)
(9, 49)
(8, 49)
(8, 48)
(8, 48)
(7, 47)
(7, 47)
(7, 47)
(7, 46)
(6, 46)
(6, 45)
(6, 45)
(6, 44)
(6, 44)
(5, 43)
(5, 43)
(5, 42)
(5, 42)
(5, 41)
(4, 41)
(4, 40)
(4, 40)
(4, 40)
(4, 39)
(4, 39)
(4, 38)
(4, 38)
(3, 37)
(3, 37)
(3, 36)
(3, 36)
(3, 35)
(3, 35)
(3, 34)
(3, 34)
(3, 33)
(3, 33)
(3, 32)
(3, 31)
(3, 31)
(3, 30)
(3, 30)
(3, 29)
(3, 29)
(3, 28)
(3, 28)
(3, 27)
(3, 27)
(4, 26)
(4, 26)
(4, 25)
(4, 25)
(4, 24)
(4, 24)
(4, 24)
(4, 23)
(5, 23)
(5, 22)
(5, 22)
(5, 21)
(5, 21)
(6, 20)
(6, 20)
(6, 19)
(6, 19)
(6, 18)
(7, 18)
(7, 18)
(7, 17)
(7, 17)
(8, 16)
(8, 16)
(8, 15)
(9, 15)
(9, 15)
(9, 14)
(9, 14)
(10, 13)
(10, 13)
(10, 13)
(11, 12)
(11, 12)
(11, 11)
(12, 11)
(12, 11)
(13, 10)
(13, 10)
(13, 10)
(14, 9)
(14, 9)
(15, 9)
(15, 9)
(15, 8)
(16, 8)
(16, 8)
(17, 7)
(17, 7)
(18, 7)
(18, 7)
(18, 6)
(19, 6)
(19, 6)
(20, 6)
(20, 6)
(21, 5)
(21, 5)
(22, 5)
(22, 5)
(23, 5)
(23, 4)
(24, 4)
(24, 4)
(24, 4)
(25, 4)
(25, 4)
(26, 4)
(26, 4)
(27, 3)
(27, 3)
(28, 3)
(28, 3)
(29, 3)
(29, 3)
(30, 3)
(30, 3)
(31, 3)
(31, 3)
(32, 3)
(31, 62)
(31, 62)
(30, 62)
(30, 62)
(29, 62)
(29, 62)
(28, 62)
(28, 62)
(27, 62)
(27, 62)
(26, 61)
(26, 61)
(25, 61)
(25, 61)
(24, 61)
(24, 61)
(23, 61)
(23, 61)
(22, 60)
(22, 60)
(21, 60)
(21, 60)
(20, 60)
(20, 59)
(19, 59)
(19, 59)
(18, 59)
(18, 58)
(17, 58)
(17, 58)
(17, 58)
(16, 57)
(16, 57)
(15, 57)
(15, 57)
(14, 56)
(14, 56)
(14, 56)
(13, 55)
(13, 55)
(12, 55)
(12, 54)
(12, 54)
(11, 54)
(11, 53)
(10, 53)
(10, 52)
(10, 52)
(9, 52)
(9, 51)
(9, 51)
(8, 50)
(8, 50)
(8, 50)
(7, 49)
(7, 49)
(7, 48)
(7, 48)
(6, 47)
(6, 47)
(6, 47)
(6, 46)
(5, 46)
(5, 45)
(5, 45)
(5, 44)
(4, 44)
(4, 43)
(4, 43)
(4, 42)
(4, 42)
(3, 41)
(3, 41)
(3, 40)
(3, 40)
(3, 39)
(3, 39)
(3, 38)
(3, 38)
(2, 37)
(2, 37)
(2, 36)
(2, 36)
(2, 35)
(2, 35)
(2, 34)
(2, 34)
(2, 33)
(2, 33)
(2, 32)
(2, 31)
(2, 31)
(2, 30)
(2, 30)
(2, 29)
(2, 29)
(2, 28)
(2, 28)
(2, 27)
(2, 27)
(3, 26)
(3, 26)
(3, 25)
(3, 25)
(3, 24)
(3, 24)
(3, 23)
(3, 23)
(4, 22)
(4, 22)
(4, 21)
(4, 21)
(4, 20)
(5, 20)
(5, 19)
(5, 19)
(5, 18)
(6, 18)
(6, 17)
(6, 17)
(6, 17)
(7, 16)
(7, 16)
(7, 15)
(7, 15)
(8, 14)
(8, 14)
(8, 14)
(9, 13)
(9, 13)
(9, 12)
(10, 12)
(10, 12)
(10, 11)
(11, 11)
(11, 10)
(12, 10)
(12, 10)
(12, 9)
(13, 9)
(13, 9)
(14, 8)
(14, 8)
(14, 8)
(15, 7)
(15, 7)
(16, 7)
(16, 7)
(17, 6)
(17, 6)
(17, 6)
(18, 6)
(18, 5)
(19, 5)
(19, 5)
(20, 5)
(20, 4)
(21, 4)
(21, 4)
(22, 4)
(22, 4)
(23, 3)
(23, 3)
(24, 3)
(24, 3)
(25, 3)
(25, 3)
(26, 3)
(26, 3)
(27, 2)
(27, 2)
(28, 2)
(28, 2)
(29, 2)
(29, 2)
(30, 2)
(30, 2)
(31, 2)
(31, 2)
(32, 2)
(31, 63)
(31, 63)
(30, 63)
(30, 63)
(29, 63)
(29, 63)
(28, 63)
(28, 63)
(27, 63)
(27, 63)
(26, 62)
(26, 62)
(25, 62)
(25, 62)
(24, 62)
(23, 62)
(23, 62)
(22, 61)
(22, 61)
(21, 61)
(21, 61)
(20, 61)
(20, 61)
(19, 60)
(19, 60)
(18, 60)
(18, 60)
(17, 59)
(17, 59)
(16, 59)
(16, 59)
(16, 58)
(15, 58)
(15, 58)
(14, 57)
(14, 57)
(13, 57)
(13, 56)
(12, 56)
(12, 56)
(12, 55)
(11, 55)
(11, 55)
(10, 54)
(10, 54)
(10, 54)
(9, 53)
(9, 53)
(9, 52)
(8, 52)
(8, 52)
(8, 51)
(7, 51)
(7, 50)
(7, 50)
(6, 49)
(6, 49)
(6, 48)
(5, 48)
(5, 48)
(5, 47)
(5, 47)
(4, 46)
(4, 46)
(4, 45)
(4, 45)
(3, 44)
(3, 44)
(3, 43)
(3, 43)
(3, 42)
(3, 42)
(2, 41)
(2, 41)
(2, 40)
(2, 39)
(2, 39)
(2, 38)
(2, 38)
(1, 37)
(1, 37)
(1, 36)
(1, 36)
(1, 35)
(1, 35)
(1, 34)
(1, 34)
(1, 33)
(1, 33)
(1, 32)
(1, 31)
(1, 31)
(1, 30)
(1, 30)
(1, 29)
(1, 29)
(1, 28)
(1, 28)
(1, 27)
(1, 27)
(2, 26)
(2, 26)
(2, 25)
(2, 25)
(2, 24)
(2, 23)
(2, 23)
(3, 22)
(3, 22)
(3, 21)
(3, 21)
(3, 20)
(3, 20)
(4, 19)
(4, 19)
(4, 18)
(4, 18)
(5, 17)
(5, 17)
(5, 17)
(5, 16)
(6, 16)
(6, 15)
(6, 15)
(7, 14)
(7, 14)
(7, 13)
(8, 13)
(8, 12)
(8, 12)
(9, 12)
(9, 11)
(9, 11)
(10, 10)
(10, 10)
(10, 10)
(11, 9)
(11, 9)
(12, 9)
(12, 8)
(12, 8)
(13, 8)
(13, 7)
(14, 7)
(14, 7)
(15, 6)
(15, 6)
(16, 6)
(16, 5)
(17, 5)
(17, 5)
(17, 5)
(18, 4)
(18, 4)
(19, 4)
(19, 4)
(20, 3)
(20, 3)
(21, 3)
(21, 3)
(22, 3)
(22, 3)
(23, 2)
(23, 2)
(24, 2)
(25, 2)
(25, 2)
(26, 2)
(26, 2)
(27, 1)
(27, 1)
(28, 1)
(28, 1)
(29, 1)
(29, 1)
(30, 1)
(30, 1)
(31, 1)
(31, 1)
(32, 1)
